103 50.78 49.91 50.00 4 50.00 79.31 65.00
104 50.78 50.36 50.00 4 50.00 75.78 65.00
103 50.47 50.38 50.00 4 50.00 71.88 65.00
104 51.24 49.91 50.00 4 50.00 80.83 65.00
103 50.78 50.34 50.00 4 50.00 77.24 65.00
104 50.79 50.81 50.00 4 50.00 65.00 71.10
103 50.34 50.81 50.00 4 50.00 65.00 73.78
103 50.78 50.36 50.00 4 50.00 71.98 65.00
104 50.36 51.36 50.00 4 50.00 65.00 76.81
103 50.34 49.93 50.00 4 50.00 70.46 65.00
104 51.24 50.36 50.00 4 50.00 78.22 65.00
103 50.81 50.34 50.00 4 50.00 76.24 65.00
104 50.78 49.93 50.00 4 50.00 78.09 65.00
103 50.78 49.91 50.00 4 50.00 79.31 65.00
103 50.79 50.34 50.00 4 50.00 76.06 65.00
104 50.79 50.05 50.00 4 50.00 77.22 65.00
103 50.78 50.90 50.00 4 50.00 65.00 71.15
104 50.78 50.36 50.00 4 50.00 72.97 65.00
103 50.79 50.38 50.00 4 50.00 74.50 65.00
104 50.76 50.48 50.00 4 50.00 73.40 65.00
103 50.79 50.34 50.00 4 50.00 74.38 65.00
103 50.36 50.83 50.00 4 50.00 65.00 72.45
104 50.47 49.95 50.00 4 50.00 72.81 65.00
103 50.79 50.36 50.00 4 50.00 74.94 65.00
104 50.36 50.38 50.00 4 50.00 65.00 71.10
103 50.34 49.93 50.00 4 50.00 73.27 65.00
103 50.81 49.93 50.00 4 50.00 78.22 65.00
104 51.26 50.36 50.00 4 50.00 79.69 65.00
103 50.90 50.83 50.00 4 50.00 73.11 65.00
104 50.88 49.90 50.00 4 50.00 78.06 65.00
103 50.79 50.36 50.00 4 50.00 76.26 65.00
104 50.78 50.81 50.00 4 50.00 65.00 70.96
103 51.22 50.83 50.00 4 50.00 73.08 65.00
103 50.81 49.95 50.00 4 50.00 78.03 65.00
104 50.81 50.34 50.00 4 50.00 76.19 65.00
103 50.79 50.05 50.00 4 50.00 77.27 65.00
104 50.76 49.91 50.00 4 50.00 78.88 65.00
103 50.36 50.34 50.00 4 50.00 72.55 65.00
104 50.78 50.38 50.00 4 50.00 73.23 65.00
103 50.78 49.93 50.00 4 50.00 77.90 65.00
103 50.81 50.02 50.00 4 50.00 78.76 65.00
104 50.81 51.26 50.00 4 50.00 65.00 71.33
103 51.24 51.26 50.00 4 50.00 65.00 71.42
105 51.22 49.97 50.00 4 50.00 79.99 65.00
103 51.24 50.36 50.00 4 50.00 80.62 65.00
104 50.78 50.36 50.00 4 50.00 75.83 65.00
103 50.88 50.38 50.00 4 50.00 75.19 65.00
103 50.76 50.36 50.00 4 50.00 74.61 65.00
104 50.81 50.36 50.00 4 50.00 74.73 65.00
103 50.79 50.84 50.00 4 50.00 65.00 70.87
104 50.33 49.93 50.00 4 50.00 73.03 65.00
103 50.79 49.91 50.00 4 50.00 78.17 65.00
104 50.81 51.26 50.00 4 50.00 65.00 71.08
103 50.34 49.95 50.00 4 50.00 71.90 65.00
103 50.78 50.36 50.00 4 50.00 74.45 65.00
104 50.79 50.03 50.00 4 50.00 77.26 65.00
103 50.79 50.38 50.00 4 50.00 75.49 65.00
104 50.76 50.34 50.00 4 50.00 74.50 65.00
103 50.81 50.02 50.00 4 50.00 77.53 65.00
104 50.81 50.45 50.00 4 50.00 75.17 65.00
103 51.24 50.38 50.00 4 50.00 77.93 65.00
103 50.34 49.93 50.00 4 50.00 75.78 65.00
104 50.78 50.45 50.00 4 50.00 73.81 65.00
103 50.78 50.38 50.00 4 50.00 74.12 65.00
104 50.79 49.93 50.00 4 50.00 78.03 65.00
103 51.22 49.91 50.00 4 50.00 82.91 65.00
103 50.38 50.81 50.00 4 50.00 65.00 70.28
104 50.33 50.93 50.00 4 50.00 65.00 76.07
103 50.91 50.38 50.00 4 50.00 72.56 65.00
104 51.22 50.40 50.00 4 50.00 78.15 65.00
103 50.45 50.38 50.00 4 50.00 72.92 65.00
104 50.79 49.91 50.00 4 50.00 77.23 65.00
103 50.40 51.24 50.00 4 50.00 65.00 74.25
103 50.36 49.95 50.00 4 50.00 70.90 65.00
104 51.22 49.90 50.00 4 50.00 81.77 65.00
103 50.83 51.26 50.00 4 50.00 65.00 70.33
104 50.78 50.83 50.00 4 50.00 65.00 71.65
103 51.22 50.36 50.00 4 50.00 76.75 65.00
104 50.79 50.36 50.00 4 50.00 75.92 65.00
103 50.78 50.36 50.00 4 50.00 74.55 65.00
103 50.90 49.93 50.00 4 50.00 78.91 65.00
104 50.81 49.91 50.00 4 50.00 79.93 65.00
103 50.83 50.81 50.00 4 50.00 72.70 65.00
104 50.71 50.86 50.00 4 50.00 65.00 71.20
103 50.24 50.03 50.00 4 50.00 71.21 65.00
104 50.21 50.72 50.00 4 50.00 65.00 73.55
102 49.62 50.59 50.00 4 50.00 65.00 79.20
103 48.74 52.24 50.00 4 50.00 65.00 129.53
103 49.48 50.71 50.00 4 50.00 65.00 89.42
102 52.34 49.64 50.00 4 50.00 105.43 65.00
101 93.50 48.71 50.00 4 50.00 255.00 65.00
106 50.41 48.79 50.00 4 50.00 121.60 65.00
101 52.05 49.05 50.00 4 50.00 125.96 65.00
102 57.24 50.71 50.00 4 50.00 179.55 65.00
112 155.88 55.45 50.00 4 50.00 255.00 65.00
172 65.17 2499.09 50.00 4 50.00 65.00 237.03
106 58.22 53.79 50.00 4 50.00 92.85 65.00
101 53.40 52.88 50.00 4 50.00 86.09 65.00
106 49.66 51.93 50.00 4 50.00 65.00 102.94
103 49.26 52.19 50.00 4 50.00 65.00 128.56
104 49.93 52.21 50.00 4 50.00 65.00 122.24
104 50.60 52.09 50.00 4 50.00 65.00 88.22
101 56.76 53.93 50.00 4 50.00 105.77 65.00
100 57.33 52.98 50.00 4 50.00 151.54 65.00
103 57.05 95.50 50.00 4 50.00 65.00 255.00
107 58.03 91.66 50.00 4 50.00 65.00 255.00
195 305.38 2966.95 50.00 4 50.00 65.00 255.00
197 179.81 2976.14 50.00 4 50.00 65.00 255.00
235 2853.29 265.59 50.00 4 50.00 231.58 65.00
102 20.72 2.97 50.00 4 50.00 255.00 65.00
104 30.97 28.93 50.00 4 50.00 162.82 65.00
104 32.24 29.38 50.00 4 50.00 126.22 65.00
101 32.14 30.09 50.00 4 50.00 118.44 65.00
101 32.43 30.62 50.00 4 50.00 110.33 65.00
104 32.40 30.81 50.00 4 50.00 87.75 65.00
103 32.57 32.09 50.00 4 50.00 78.38 65.00
100 32.16 33.91 50.00 4 50.00 65.00 82.58
100 31.07 35.05 50.00 4 50.00 65.00 140.78
103 32.12 32.69 50.00 4 50.00 65.00 85.42
103 20.95 32.33 50.00 4 50.00 65.00 209.59
106 32.07 116.66 50.00 4 50.00 65.00 255.00
181 333.66 2569.05 50.00 4 50.00 65.00 255.00
184 48.48 3015.97 50.00 4 50.00 65.00 255.00
100 42.98 48.47 50.00 4 50.00 65.00 240.26
105 48.45 47.12 50.00 4 50.00 73.78 65.00
100 49.33 48.45 50.00 4 50.00 80.82 65.00
106 49.14 49.76 50.00 4 50.00 65.00 72.46
106 47.62 52.33 50.00 4 50.00 65.00 144.13
100 47.45 55.81 50.00 4 50.00 65.00 206.93
103 47.19 51.55 50.00 4 50.00 65.00 175.89
100 46.90 49.43 50.00 4 50.00 65.00 133.39
105 45.84 49.33 50.00 4 50.00 65.00 137.99
105 44.97 48.71 50.00 4 50.00 65.00 146.64
103 46.36 46.93 50.00 4 50.00 65.00 84.82
101 44.88 36.60 50.00 4 50.00 177.65 65.00
104 46.09 45.02 50.00 4 50.00 98.35 65.00
102 23.81 15.36 50.00 4 50.00 188.64 65.00
100 45.28 40.05 50.00 4 50.00 187.43 65.00
101 44.09 46.98 50.00 4 50.00 65.00 87.65
103 44.21 47.17 50.00 4 50.00 65.00 132.40
103 44.34 47.60 50.00 4 50.00 65.00 137.05
107 119.02 48.12 50.00 4 50.00 255.00 65.00
103 44.41 48.26 50.00 4 50.00 65.00 93.08
115 143.10 123.40 50.00 4 50.00 225.64 65.00
115 182.43 148.41 50.00 4 50.00 255.00 65.00
195 176.93 3071.67 50.00 4 50.00 65.00 247.83
116 161.16 177.62 50.00 4 50.00 65.00 255.00
100 101.24 178.93 50.00 4 50.00 65.00 255.00
103 144.47 89.98 50.00 4 50.00 210.21 65.00
101 95.29 177.76 50.00 4 50.00 65.00 223.04
106 83.88 92.05 50.00 4 50.00 65.00 255.00
106 177.76 175.78 50.00 4 50.00 77.86 65.00
105 173.91 176.57 50.00 4 50.00 65.00 100.42
103 129.78 173.78 50.00 4 50.00 65.00 255.00
107 128.91 180.45 50.00 4 50.00 65.00 255.00
112 117.55 128.74 50.00 4 50.00 65.00 255.00
223 2832.48 126.29 50.00 4 50.00 255.00 65.00
101 3.59 4.88 50.00 4 50.00 65.00 104.58
101 3.57 4.60 50.00 4 50.00 65.00 81.95
101 4.14 3.93 50.00 4 50.00 71.29 65.00
100 4.71 3.78 50.00 4 50.00 78.04 65.00
101 4.91 3.88 50.00 4 50.00 80.93 65.00
100 6.52 4.09 50.00 4 50.00 114.16 65.00
102 7.26 4.07 50.00 4 50.00 133.20 65.00
101 6.45 5.14 50.00 4 50.00 89.30 65.00
101 6.26 5.22 50.00 4 50.00 82.00 65.00
100 6.07 6.00 50.00 4 50.00 73.51 65.00
100 5.03 5.71 50.00 4 50.00 65.00 75.19
100 5.02 5.79 50.00 4 50.00 65.00 78.13
101 5.12 6.12 50.00 4 50.00 65.00 80.21
100 5.14 4.83 50.00 4 50.00 70.37 65.00
101 5.50 5.19 50.00 4 50.00 73.38 65.00
101 5.60 5.66 50.00 4 50.00 65.00 70.47
101 5.07 5.36 50.00 4 50.00 65.00 72.50
101 6.47 5.60 50.00 4 50.00 76.06 65.00
101 5.67 6.14 50.00 4 50.00 65.00 71.27
101 6.10 6.16 50.00 4 50.00 65.00 71.75
101 6.09 6.03 50.00 4 50.00 70.27 65.00
100 6.59 6.48 50.00 4 50.00 70.98 65.00
100 6.09 6.16 50.00 4 50.00 65.00 70.26
100 6.07 6.00 50.00 4 50.00 70.36 65.00
101 6.10 6.05 50.00 4 50.00 70.61 65.00
100 5.72 6.57 50.00 4 50.00 65.00 76.61
100 6.57 6.07 50.00 4 50.00 71.59 65.00
100 5.98 6.03 50.00 4 50.00 65.00 71.02
100 5.62 6.14 50.00 4 50.00 65.00 74.29
101 6.57 6.17 50.00 4 50.00 71.70 65.00
101 5.98 6.03 50.00 4 50.00 65.00 70.72
100 5.62 6.12 50.00 4 50.00 65.00 74.16
101 5.72 5.59 50.00 4 50.00 70.32 65.00
100 6.47 6.19 50.00 4 50.00 72.61 65.00
102 6.62 6.16 50.00 4 50.00 74.52 65.00
100 6.02 5.71 50.00 4 50.00 73.82 65.00
100 6.12 6.12 50.00 4 50.00 80.00 80.00
100 6.55 6.19 50.00 4 50.00 72.90 65.00
101 6.50 6.03 50.00 4 50.00 74.77 65.00
100 6.64 5.59 50.00 4 50.00 79.74 65.00
101 6.48 5.60 50.00 4 50.00 80.04 65.00
100 6.45 5.64 50.00 4 50.00 79.00 65.00
100 6.09 6.14 50.00 4 50.00 65.00 71.90
101 6.14 6.55 50.00 4 50.00 65.00 73.47
100 6.14 5.72 50.00 4 50.00 72.13 65.00
101 6.57 6.07 50.00 4 50.00 75.19 65.00
101 6.02 6.48 50.00 4 50.00 65.00 72.30
100 6.12 5.72 50.00 4 50.00 71.85 65.00
102 6.03 6.03 50.00 4 50.00 80.00 80.00
101 5.97 5.78 50.00 4 50.00 71.52 65.00
101 6.24 5.38 50.00 4 50.00 77.44 65.00
100 6.05 4.88 50.00 4 50.00 81.83 65.00
101 6.24 6.34 50.00 4 50.00 65.00 72.51
101 5.53 6.45 50.00 4 50.00 65.00 77.61
100 6.24 6.09 50.00 4 50.00 71.37 65.00
101 5.60 6.19 50.00 4 50.00 65.00 74.25
100 5.07 5.72 50.00 4 50.00 65.00 76.93
100 5.53 6.19 50.00 4 50.00 65.00 77.12
100 5.05 6.47 50.00 4 50.00 65.00 83.14
101 5.29 5.84 50.00 4 50.00 65.00 78.44
100 5.38 5.36 50.00 4 50.00 71.44 65.00
101 5.29 5.76 50.00 4 50.00 65.00 73.68
101 5.26 6.03 50.00 4 50.00 65.00 77.54
100 5.26 5.59 50.00 4 50.00 65.00 74.84
101 5.07 6.14 50.00 4 50.00 65.00 79.48
100 4.98 5.21 50.00 4 50.00 65.00 74.85
100 4.76 5.72 50.00 4 50.00 65.00 78.36
100 4.21 6.36 50.00 4 50.00 65.00 109.57
101 4.03 5.48 50.00 4 50.00 65.00 87.62
101 3.60 4.84 50.00 4 50.00 65.00 84.03
101 3.91 5.12 50.00 4 50.00 65.00 83.17
100 4.40 4.45 50.00 4 50.00 65.00 73.86
100 3.90 5.24 50.00 4 50.00 65.00 80.87
100 3.93 4.52 50.00 4 50.00 65.00 78.53
100 4.76 4.55 50.00 4 50.00 70.02 65.00
100 4.40 4.03 50.00 4 50.00 73.50 65.00
101 4.36 4.38 50.00 4 50.00 65.00 70.90
101 4.12 4.52 50.00 4 50.00 65.00 73.23
100 4.09 4.45 50.00 4 50.00 65.00 74.04
101 4.47 4.86 50.00 4 50.00 65.00 74.22
100 3.83 4.81 50.00 4 50.00 65.00 78.99
101 3.86 4.72 50.00 4 50.00 65.00 79.70
100 4.22 4.17 50.00 4 50.00 72.05 65.00
101 3.21 4.12 50.00 4 50.00 65.00 77.16
101 3.57 4.12 50.00 4 50.00 65.00 77.03
100 3.38 4.55 50.00 4 50.00 65.00 80.94
100 4.07 4.12 50.00 4 50.00 65.00 73.76
100 3.09 4.57 50.00 4 50.00 65.00 81.96
101 2.90 3.60 50.00 4 50.00 65.00 79.88
100 3.17 3.93 50.00 4 50.00 65.00 78.10
101 2.62 4.17 50.00 4 50.00 65.00 84.52
100 2.41 4.17 50.00 4 50.00 65.00 88.37
100 2.40 3.64 50.00 4 50.00 65.00 84.89
100 2.66 4.33 50.00 4 50.00 65.00 86.83
100 2.28 4.09 50.00 4 50.00 65.00 108.23
101 2.74 3.91 50.00 4 50.00 65.00 84.49
101 2.28 2.36 50.00 4 50.00 65.00 74.03
100 2.40 3.09 50.00 4 50.00 65.00 75.77
101 2.76 2.93 50.00 4 50.00 65.00 73.36
100 2.69 3.05 50.00 4 50.00 65.00 73.40
101 3.05 3.40 50.00 4 50.00 65.00 73.80
100 2.59 2.97 50.00 4 50.00 65.00 74.03
100 3.22 2.91 50.00 4 50.00 71.40 65.00
100 3.22 3.29 50.00 4 50.00 65.00 70.34
100 3.17 3.34 50.00 4 50.00 65.00 71.58
101 3.02 2.86 50.00 4 50.00 70.75 65.00
100 3.36 2.81 50.00 4 50.00 74.87 65.00
100 4.86 2.69 50.00 4 50.00 107.48 65.00
101 4.60 2.38 50.00 4 50.00 117.37 65.00
102 99.76 2.43 50.00 4 50.00 255.00 65.00
184 3068.24 1.74 50.00 4 50.00 255.00 65.00
100 3.53 2.41 50.00 4 50.00 123.86 65.00
100 4.84 2.76 50.00 4 50.00 109.39 65.00
102 2.19 2.76 50.00 4 50.00 65.00 71.33
100 4.33 3.69 50.00 4 50.00 73.48 65.00
100 8.29 6.57 50.00 4 50.00 85.52 65.00
101 12.05 11.24 50.00 4 50.00 81.38 65.00
102 16.98 16.26 50.00 4 50.00 78.11 65.00
102 21.74 21.60 50.00 4 50.00 73.18 65.00
100 28.09 28.52 50.00 4 50.00 65.00 73.06
106 99.47 34.69 50.00 4 50.00 255.00 65.00
101 41.29 40.64 50.00 4 50.00 115.86 65.00
105 46.43 46.02 50.00 4 50.00 75.19 65.00
104 48.21 47.34 50.00 4 50.00 78.08 65.00
104 48.00 48.19 50.00 4 50.00 65.00 70.94
101 48.12 52.28 50.00 4 50.00 65.00 134.26
100 48.21 47.78 50.00 4 50.00 77.83 65.00
106 49.66 47.84 50.00 4 50.00 101.20 65.00
100 50.48 47.78 50.00 4 50.00 122.67 65.00
102 50.07 49.03 50.00 4 50.00 85.84 65.00
101 49.29 48.55 50.00 4 50.00 78.89 65.00
106 49.45 48.48 50.00 4 50.00 79.84 65.00
100 48.86 48.69 50.00 4 50.00 74.14 65.00
100 47.40 50.31 50.00 4 50.00 65.00 114.50
101 47.95 49.31 50.00 4 50.00 65.00 88.98
106 47.00 49.02 50.00 4 50.00 65.00 109.69
100 46.64 49.59 50.00 4 50.00 65.00 127.40
106 46.48 49.52 50.00 4 50.00 65.00 133.69
109 46.31 89.64 50.00 4 50.00 65.00 255.00
103 45.88 46.88 50.00 4 50.00 65.00 116.50
104 47.36 46.98 50.00 4 50.00 70.19 65.00
106 49.48 47.60 50.00 4 50.00 101.97 65.00
101 52.09 47.93 50.00 4 50.00 143.82 65.00
105 51.19 48.64 50.00 4 50.00 132.65 65.00
103 52.03 49.45 50.00 4 50.00 124.92 65.00
105 51.62 48.83 50.00 4 50.00 128.20 65.00
103 51.29 50.07 50.00 4 50.00 87.57 65.00
103 50.59 50.91 50.00 4 50.00 65.00 70.86
104 49.29 51.16 50.00 4 50.00 65.00 101.41
102 48.47 52.41 50.00 4 50.00 65.00 140.88
103 48.03 51.76 50.00 4 50.00 65.00 148.74
101 47.53 49.91 50.00 4 50.00 65.00 127.90
107 47.03 49.59 50.00 4 50.00 65.00 123.47
106 47.21 48.48 50.00 4 50.00 65.00 87.34
106 46.52 48.88 50.00 4 50.00 65.00 114.48
104 47.16 47.59 50.00 4 50.00 65.00 80.10
105 47.52 47.84 50.00 4 50.00 65.00 73.86
106 48.53 46.88 50.00 4 50.00 82.22 65.00
105 48.50 47.60 50.00 4 50.00 81.87 65.00
100 48.79 48.26 50.00 4 50.00 76.84 65.00
101 51.55 47.55 50.00 4 50.00 134.10 65.00
101 49.36 48.43 50.00 4 50.00 88.35 65.00
105 48.36 48.31 50.00 4 50.00 73.07 65.00
100 47.86 48.90 50.00 4 50.00 65.00 78.12
100 47.66 48.57 50.00 4 50.00 65.00 80.26
105 46.22 49.76 50.00 4 50.00 65.00 129.73
106 46.62 51.16 50.00 4 50.00 65.00 157.76
101 47.62 48.16 50.00 4 50.00 65.00 86.48
102 98.74 47.91 50.00 4 50.00 255.00 65.00
105 50.88 46.24 50.00 4 50.00 218.54 65.00
101 44.97 47.28 50.00 4 50.00 65.00 81.54
106 43.43 102.45 50.00 4 50.00 65.00 255.00
220 41.43 3111.93 50.00 4 50.00 65.00 255.00
102 39.83 44.43 50.00 4 50.00 65.00 229.03
100 38.55 41.83 50.00 4 50.00 65.00 145.51
102 37.50 40.10 50.00 4 50.00 65.00 129.00
100 36.40 39.98 50.00 4 50.00 65.00 139.83
102 39.43 38.84 50.00 4 50.00 75.17 65.00
103 41.34 38.05 50.00 4 50.00 124.39 65.00
Referencia: 
1088 45.69 51.69 30.00 4 50.00 90.00 70.00
103 104.98 53.31 30.00 4 50.00 90.00 70.00
372 2672.38 2764.48 30.00 4 50.00 90.00 70.00
328 2699.29 2770.29 30.00 4 50.00 90.00 70.00
206 104.95 2764.53 30.00 4 50.00 90.00 70.00
331 2708.57 2752.33 30.00 4 50.00 90.00 70.00
113 100.36 98.66 30.00 4 50.00 90.00 70.00
102 100.84 99.26 30.00 4 50.00 90.00 70.00
103 101.90 67.97 30.00 4 50.00 90.00 70.00
105 104.79 101.66 30.00 4 50.00 90.00 70.00
108 102.60 105.81 30.00 4 50.00 90.00 70.00
109 88.33 65.91 30.00 4 50.00 90.00 70.00
107 86.53 66.02 30.00 4 50.00 90.00 70.00
104 78.34 64.79 30.00 4 50.00 90.00 70.00
108 74.84 65.81 30.00 4 50.00 90.00 70.00
107 74.86 65.78 30.00 4 50.00 90.00 70.00
104 72.76 64.91 30.00 4 50.00 90.00 70.00
107 70.28 66.19 30.00 4 50.00 90.00 70.00
105 73.64 66.00 30.00 4 50.00 90.00 70.00
107 74.03 67.12 30.00 4 50.00 90.00 70.00
104 73.53 66.98 30.00 4 50.00 90.00 70.00
107 71.78 66.47 30.00 4 50.00 90.00 70.00
104 70.50 68.52 30.00 4 50.00 90.00 70.00
107 74.47 68.74 30.00 4 50.00 90.00 70.00
107 74.29 68.60 30.00 4 50.00 90.00 70.00
100 73.66 68.71 30.00 4 50.00 90.00 70.00
107 70.98 70.33 30.00 4 50.00 90.00 70.00
107 71.19 68.07 30.00 4 50.00 90.00 70.00
109 72.93 77.17 30.00 4 50.00 90.00 70.00
100 70.93 75.05 30.00 4 50.00 90.00 70.00
100 72.29 72.28 30.00 4 50.00 90.00 70.00
100 70.16 76.41 30.00 4 50.00 90.00 70.00
100 69.84 77.19 30.00 4 50.00 90.00 70.00
102 70.00 78.64 30.00 4 50.00 90.00 70.00
108 67.43 89.78 30.00 4 50.00 90.00 70.00
104 66.60 89.97 30.00 4 50.00 90.00 70.00
106 67.84 83.40 30.00 4 50.00 90.00 70.00
105 67.84 83.88 30.00 4 50.00 90.00 70.00
103 69.14 83.78 30.00 4 50.00 90.00 70.00
106 86.43 72.33 30.00 4 50.00 90.00 70.00
106 96.07 55.72 30.00 4 50.00 90.00 70.00
107 98.72 55.12 30.00 4 50.00 90.00 70.00
107 95.60 56.84 30.00 4 50.00 90.00 70.00
109 95.55 56.43 30.00 4 50.00 90.00 70.00
106 97.09 56.74 30.00 4 50.00 90.00 70.00
198 159.76 2816.47 30.00 4 50.00 90.00 70.00
205 160.52 2823.31 30.00 4 50.00 90.00 70.00
258 166.45 2802.05 30.00 4 50.00 90.00 70.00
183 111.21 2785.57 30.00 4 50.00 90.00 70.00
164 2723.78 4.31 30.00 4 50.00 90.00 70.00
328 2745.50 2794.29 30.00 4 50.00 90.00 70.00
170 2726.21 81.38 30.00 4 50.00 90.00 70.00
169 5.45 2809.71 30.00 4 50.00 90.00 70.00
176 2731.21 89.19 30.00 4 50.00 90.00 70.00
171 56.09 2790.36 30.00 4 50.00 90.00 70.00
197 163.09 2817.24 30.00 4 50.00 90.00 70.00
165 2746.53 5.50 30.00 4 50.00 90.00 70.00
189 54.47 2804.59 30.00 4 50.00 90.00 70.00
101 54.97 167.09 30.00 4 50.00 90.00 70.00
103 53.24 92.84 30.00 4 50.00 90.00 70.00
105 53.07 50.07 30.00 4 50.00 90.00 70.00
104 52.21 50.60 30.00 4 50.00 90.00 70.00
106 52.12 51.41 30.00 4 50.00 90.00 70.00
104 51.93 51.00 30.00 4 50.00 90.00 70.00
105 51.31 51.88 30.00 4 50.00 90.00 70.00
105 51.05 51.36 30.00 4 50.00 90.00 70.00
105 51.28 51.71 30.00 4 50.00 90.00 70.00
103 50.14 52.59 30.00 4 50.00 90.00 70.00
105 50.28 54.34 30.00 4 50.00 90.00 70.00
105 50.03 52.90 30.00 4 50.00 90.00 70.00
106 49.79 54.17 30.00 4 50.00 90.00 70.00
102 49.91 55.66 30.00 4 50.00 90.00 70.00
100 50.00 55.76 30.00 4 50.00 90.00 70.00
107 49.95 132.78 30.00 4 50.00 90.00 70.00
103 50.02 59.93 30.00 4 50.00 90.00 70.00
106 48.59 110.29 30.00 4 50.00 90.00 70.00
101 49.43 68.17 30.00 4 50.00 90.00 70.00
Referencia: 
1396 2737.29 2792.79 30.00 4 50.00 90.00 70.00
164 2734.88 4.24 30.00 4 50.00 90.00 70.00
169 2730.28 93.38 30.00 4 50.00 90.00 70.00
170 2743.31 92.53 30.00 4 50.00 90.00 70.00
108 118.00 96.26 30.00 4 50.00 90.00 70.00
109 117.10 96.36 30.00 4 50.00 90.00 70.00
105 103.45 98.60 30.00 4 50.00 90.00 70.00
105 98.50 96.43 30.00 4 50.00 90.00 70.00
105 100.57 98.62 30.00 4 50.00 90.00 70.00
103 97.76 96.86 30.00 4 50.00 90.00 70.00
105 97.64 97.29 30.00 4 50.00 90.00 70.00
111 96.79 97.57 30.00 4 50.00 90.00 70.00
103 98.00 98.83 30.00 4 50.00 90.00 70.00
101 98.34 100.67 30.00 4 50.00 90.00 70.00
109 95.79 63.24 30.00 4 50.00 90.00 70.00
101 90.02 62.48 30.00 4 50.00 90.00 70.00
111 98.34 70.64 30.00 4 50.00 90.00 70.00
105 89.81 61.69 30.00 4 50.00 90.00 70.00
108 75.12 63.03 30.00 4 50.00 90.00 70.00
104 72.69 63.34 30.00 4 50.00 90.00 70.00
103 69.91 62.95 30.00 4 50.00 90.00 70.00
103 70.95 64.76 30.00 4 50.00 90.00 70.00
103 72.67 63.50 30.00 4 50.00 90.00 70.00
105 69.91 62.57 30.00 4 50.00 90.00 70.00
103 69.53 70.17 30.00 4 50.00 90.00 70.00
106 70.03 72.14 30.00 4 50.00 90.00 70.00
105 70.05 64.81 30.00 4 50.00 90.00 70.00
106 71.74 63.38 30.00 4 50.00 90.00 70.00
107 72.78 70.71 30.00 4 50.00 90.00 70.00
107 73.52 65.33 30.00 4 50.00 90.00 70.00
105 69.98 72.48 30.00 4 50.00 90.00 70.00
105 72.40 57.86 30.00 4 50.00 90.00 70.00
107 71.67 72.41 30.00 4 50.00 90.00 70.00
106 70.29 67.50 30.00 4 50.00 90.00 70.00
106 71.76 67.34 30.00 4 50.00 90.00 70.00
107 68.91 73.00 30.00 4 50.00 90.00 70.00
107 69.95 73.69 30.00 4 50.00 90.00 70.00
108 70.98 67.67 30.00 4 50.00 90.00 70.00
107 81.88 73.98 30.00 4 50.00 90.00 70.00
110 83.52 73.34 30.00 4 50.00 90.00 70.00
104 66.98 81.34 30.00 4 50.00 90.00 70.00
110 96.78 91.97 30.00 4 50.00 90.00 70.00
106 96.47 82.16 30.00 4 50.00 90.00 70.00
105 78.86 76.86 30.00 4 50.00 90.00 70.00
107 92.50 63.62 30.00 4 50.00 90.00 70.00
107 97.81 56.00 30.00 4 50.00 90.00 70.00
105 96.66 55.67 30.00 4 50.00 90.00 70.00
107 97.21 54.34 30.00 4 50.00 90.00 70.00
106 97.84 54.48 30.00 4 50.00 90.00 70.00
110 93.69 58.86 30.00 4 50.00 90.00 70.00
100 90.81 60.36 30.00 4 50.00 90.00 70.00
108 96.43 55.91 30.00 4 50.00 90.00 70.00
108 158.40 164.05 30.00 4 50.00 90.00 70.00
111 91.91 164.40 30.00 4 50.00 90.00 70.00
105 162.38 165.17 30.00 4 50.00 90.00 70.00
101 161.76 165.91 30.00 4 50.00 90.00 70.00
103 162.26 165.41 30.00 4 50.00 90.00 70.00
104 161.90 165.26 30.00 4 50.00 90.00 70.00
104 162.81 166.19 30.00 4 50.00 90.00 70.00
104 157.57 167.02 30.00 4 50.00 90.00 70.00
178 158.83 2812.81 30.00 4 50.00 90.00 70.00
184 91.98 2792.26 30.00 4 50.00 90.00 70.00
363 2737.16 2806.43 30.00 4 50.00 90.00 70.00
177 88.62 2794.52 30.00 4 50.00 90.00 70.00
181 89.36 2794.79 30.00 4 50.00 90.00 70.00
107 218.03 126.57 30.00 4 50.00 90.00 70.00
171 58.86 2792.31 30.00 4 50.00 90.00 70.00
206 57.90 2815.83 30.00 4 50.00 90.00 70.00
104 55.78 67.10 30.00 4 50.00 90.00 70.00
106 54.74 90.69 30.00 4 50.00 90.00 70.00
104 54.09 66.16 30.00 4 50.00 90.00 70.00
102 53.93 55.36 30.00 4 50.00 90.00 70.00
100 53.21 53.55 30.00 4 50.00 90.00 70.00
101 53.50 55.69 30.00 4 50.00 90.00 70.00
103 51.98 54.31 30.00 4 50.00 90.00 70.00
101 51.78 57.12 30.00 4 50.00 90.00 70.00
102 46.97 57.10 30.00 4 50.00 90.00 70.00
106 52.67 58.57 30.00 4 50.00 90.00 70.00
100 51.98 67.29 30.00 4 50.00 90.00 70.00
103 51.79 57.66 30.00 4 50.00 90.00 70.00
104 52.07 72.34 30.00 4 50.00 90.00 70.00
104 51.24 55.97 30.00 4 50.00 90.00 70.00
101 50.53 56.14 30.00 4 50.00 90.00 70.00
100 52.03 57.00 30.00 4 50.00 90.00 70.00
100 50.84 55.67 30.00 4 50.00 90.00 70.00
100 50.95 56.02 30.00 4 50.00 90.00 70.00
103 50.59 57.45 30.00 4 50.00 90.00 70.00
100 50.72 64.69 30.00 4 50.00 90.00 70.00
102 50.21 67.02 30.00 4 50.00 90.00 70.00
104 51.02 68.14 30.00 4 50.00 90.00 70.00
110 102.98 93.05 30.00 4 50.00 90.00 70.00
109 50.78 175.52 30.00 4 50.00 90.00 70.00
102 169.02 173.78 30.00 4 50.00 90.00 70.00
177 107.17 2842.43 30.00 4 50.00 90.00 70.00
190 178.59 2805.41 30.00 4 50.00 90.00 70.00
340 2770.19 2796.09 30.00 4 50.00 90.00 70.00
334 2764.09 2778.19 30.00 4 50.00 90.00 70.00
177 2758.97 91.57 30.00 4 50.00 90.00 70.00
170 2731.02 101.14 30.00 4 50.00 90.00 70.00
105 100.57 92.31 30.00 4 50.00 90.00 70.00
105 98.79 92.88 30.00 4 50.00 90.00 70.00
101 97.48 93.86 30.00 4 50.00 90.00 70.00
102 98.84 93.66 30.00 4 50.00 90.00 70.00
104 100.03 96.88 30.00 4 50.00 90.00 70.00
102 97.40 94.00 30.00 4 50.00 90.00 70.00
104 99.91 97.62 30.00 4 50.00 90.00 70.00
100 93.83 95.72 30.00 4 50.00 90.00 70.00
104 97.69 96.10 30.00 4 50.00 90.00 70.00
102 94.34 95.67 30.00 4 50.00 90.00 70.00
102 93.66 58.12 30.00 4 50.00 90.00 70.00
108 94.21 57.90 30.00 4 50.00 90.00 70.00
108 94.40 57.52 30.00 4 50.00 90.00 70.00
104 93.78 58.16 30.00 4 50.00 90.00 70.00
104 93.48 58.21 30.00 4 50.00 90.00 70.00
103 67.52 59.14 30.00 4 50.00 90.00 70.00
105 70.72 61.78 30.00 4 50.00 90.00 70.00
107 66.55 58.79 30.00 4 50.00 90.00 70.00
107 66.33 61.76 30.00 4 50.00 90.00 70.00
109 71.02 60.91 30.00 4 50.00 90.00 70.00
108 66.71 65.74 30.00 4 50.00 90.00 70.00
100 64.98 60.57 30.00 4 50.00 90.00 70.00
100 66.88 62.40 30.00 4 50.00 90.00 70.00
100 66.48 69.34 30.00 4 50.00 90.00 70.00
100 66.83 61.17 30.00 4 50.00 90.00 70.00
102 66.91 63.33 30.00 4 50.00 90.00 70.00
101 69.16 63.52 30.00 4 50.00 90.00 70.00
102 70.66 63.84 30.00 4 50.00 90.00 70.00
101 67.53 63.28 30.00 4 50.00 90.00 70.00
101 66.16 64.38 30.00 4 50.00 90.00 70.00
103 67.48 57.79 30.00 4 50.00 90.00 70.00
102 65.55 63.33 30.00 4 50.00 90.00 70.00
103 67.05 71.21 30.00 4 50.00 90.00 70.00
104 67.19 68.14 30.00 4 50.00 90.00 70.00
104 67.33 67.60 30.00 4 50.00 90.00 70.00
107 64.03 89.64 30.00 4 50.00 90.00 70.00
108 64.62 81.07 30.00 4 50.00 90.00 70.00
104 63.40 90.19 30.00 4 50.00 90.00 70.00
107 65.34 86.72 30.00 4 50.00 90.00 70.00
103 64.88 85.98 30.00 4 50.00 90.00 70.00
102 92.57 58.79 30.00 4 50.00 90.00 70.00
108 91.40 61.05 30.00 4 50.00 90.00 70.00
107 74.10 79.84 30.00 4 50.00 90.00 70.00
109 92.12 59.28 30.00 4 50.00 90.00 70.00
106 89.28 67.03 30.00 4 50.00 90.00 70.00
105 97.88 124.38 30.00 4 50.00 90.00 70.00
103 97.47 125.81 30.00 4 50.00 90.00 70.00
107 161.38 124.43 30.00 4 50.00 90.00 70.00
110 88.64 94.93 30.00 4 50.00 90.00 70.00
114 95.10 160.95 30.00 4 50.00 90.00 70.00
102 94.52 162.00 30.00 4 50.00 90.00 70.00
112 161.81 164.81 30.00 4 50.00 90.00 70.00
107 161.07 80.60 30.00 4 50.00 90.00 70.00
101 161.12 163.67 30.00 4 50.00 90.00 70.00
100 162.17 165.41 30.00 4 50.00 90.00 70.00
100 161.38 168.45 30.00 4 50.00 90.00 70.00
100 160.91 165.78 30.00 4 50.00 90.00 70.00
197 157.00 2803.78 30.00 4 50.00 90.00 70.00
187 157.28 2799.03 30.00 4 50.00 90.00 70.00
184 156.81 2793.69 30.00 4 50.00 90.00 70.00
186 2755.07 165.45 30.00 4 50.00 90.00 70.00
171 61.33 2804.17 30.00 4 50.00 90.00 70.00
178 2764.47 89.45 30.00 4 50.00 90.00 70.00
178 2754.52 90.83 30.00 4 50.00 90.00 70.00
182 59.43 2835.10 30.00 4 50.00 90.00 70.00
106 59.31 57.21 30.00 4 50.00 90.00 70.00
104 57.34 54.17 30.00 4 50.00 90.00 70.00
105 56.86 54.66 30.00 4 50.00 90.00 70.00
104 56.22 54.72 30.00 4 50.00 90.00 70.00
104 56.05 54.29 30.00 4 50.00 90.00 70.00
103 55.84 55.09 30.00 4 50.00 90.00 70.00
103 56.64 56.74 30.00 4 50.00 90.00 70.00
104 56.05 56.17 30.00 4 50.00 90.00 70.00
103 51.34 54.91 30.00 4 50.00 90.00 70.00
100 3.78 48.76 30.00 4 50.00 90.00 70.00
101 55.19 57.50 30.00 4 50.00 90.00 70.00
104 54.62 57.19 30.00 4 50.00 90.00 70.00
105 55.36 58.03 30.00 4 50.00 90.00 70.00
105 55.48 59.14 30.00 4 50.00 90.00 70.00
101 54.95 61.83 30.00 4 50.00 90.00 70.00
104 54.22 65.36 30.00 4 50.00 90.00 70.00
101 54.84 63.74 30.00 4 50.00 90.00 70.00
101 54.09 67.57 30.00 4 50.00 90.00 70.00
106 54.10 57.36 30.00 4 50.00 90.00 70.00
105 53.34 58.28 30.00 4 50.00 90.00 70.00
107 55.16 62.48 30.00 4 50.00 90.00 70.00
100 53.90 59.45 30.00 4 50.00 90.00 70.00
106 53.84 64.67 30.00 4 50.00 90.00 70.00
105 54.59 69.83 30.00 4 50.00 90.00 70.00
104 64.34 59.55 30.00 4 50.00 90.00 70.00
110 83.83 175.05 30.00 4 50.00 90.00 70.00
208 72.24 2811.55 30.00 4 50.00 90.00 70.00
238 2742.41 81.00 30.00 4 50.00 90.00 70.00
171 6.41 2840.95 30.00 4 50.00 90.00 70.00
164 2732.81 5.22 30.00 4 50.00 90.00 70.00
170 6.00 2839.38 30.00 4 50.00 90.00 70.00
165 2750.36 4.69 30.00 4 50.00 90.00 70.00
167 2738.31 40.64 30.00 4 50.00 90.00 70.00
110 211.72 42.72 30.00 4 50.00 90.00 70.00
234 2738.40 42.53 30.00 4 50.00 90.00 70.00
107 74.21 85.93 30.00 4 50.00 90.00 70.00
102 82.02 70.05 30.00 4 50.00 90.00 70.00
100 39.76 40.69 30.00 4 50.00 90.00 70.00
102 33.52 58.78 30.00 4 50.00 90.00 70.00
104 65.90 35.93 30.00 4 50.00 90.00 70.00
100 29.53 51.55 30.00 4 30.00 90.00 70.00
100 35.83 27.76 30.00 4 30.00 197.15 65.00
103 30.16 29.34 30.00 4 30.00 95.94 65.00
104 30.79 31.81 30.00 4 30.00 65.00 75.82
102 55.05 58.66 30.00 4 30.00 65.00 131.29
103 28.36 29.57 30.00 4 30.00 65.00 89.54
100 29.14 50.36 30.00 4 30.00 65.00 255.00
100 31.79 26.64 30.00 4 30.00 81.59 65.00
103 34.97 26.81 30.00 4 30.00 207.03 65.00
105 88.12 25.62 30.00 4 30.00 255.00 65.00
100 29.66 25.57 30.00 4 30.00 213.14 65.00
101 28.83 26.97 30.00 4 30.00 121.76 65.00
103 28.14 55.05 30.00 4 30.00 65.00 254.38
102 27.55 56.45 30.00 4 30.00 65.00 255.00
184 3005.43 54.52 30.00 4 30.00 250.55 65.00
233 23.36 3245.91 30.00 4 30.00 65.00 231.70
191 23.22 3123.93 30.00 4 30.00 65.00 255.00
235 21.81 3108.81 30.00 4 30.00 65.00 255.00
208 59.52 3081.90 30.00 4 30.00 65.00 255.00
100 75.98 65.22 30.00 4 30.00 112.05 65.00
105 69.60 63.64 30.00 4 30.00 203.38 65.00
220 2965.24 65.09 30.00 4 30.00 255.00 65.00
229 2931.83 66.74 30.00 4 30.00 255.00 65.00
108 71.14 68.97 30.00 4 30.00 194.12 65.00
106 69.66 71.62 30.00 4 30.00 65.00 88.88
103 72.16 73.00 30.00 4 30.00 65.00 82.32
106 70.19 75.29 30.00 4 30.00 65.00 150.53
101 25.86 28.50 30.00 4 30.00 65.00 138.41
104 88.71 87.40 30.00 4 30.00 73.06 65.00
104 86.93 75.67 30.00 4 30.00 212.95 65.00
101 38.74 44.24 30.00 4 30.00 65.00 102.28
102 38.66 85.88 30.00 4 30.00 65.00 255.00
104 36.48 89.33 30.00 4 30.00 65.00 255.00
104 86.31 37.74 30.00 4 30.00 210.14 65.00
213 2975.67 87.19 30.00 4 30.00 255.00 65.00
103 8.69 64.48 30.00 4 30.00 65.00 203.75
101 6.52 68.53 30.00 4 30.00 65.00 255.00
100 6.59 86.71 30.00 4 30.00 65.00 255.00
256 2963.81 87.09 30.00 4 30.00 238.56 65.00
186 5.16 3113.29 30.00 4 30.00 65.00 231.68
105 55.40 89.66 30.00 4 30.00 65.00 255.00
102 37.19 12.21 30.00 4 30.00 187.19 65.00
101 35.48 11.36 30.00 4 30.00 255.00 65.00
101 34.24 14.90 30.00 4 30.00 255.00 65.00
100 13.83 10.74 30.00 4 30.00 180.69 65.00
227 2774.33 16.71 30.00 4 30.00 255.00 65.00
109 94.72 99.52 30.00 4 30.00 65.00 88.09
102 86.81 100.16 30.00 4 30.00 65.00 244.44
105 92.50 32.33 30.00 4 30.00 242.43 65.00
105 90.84 33.17 30.00 4 30.00 255.00 65.00
183 2894.38 34.57 30.00 4 30.00 255.00 65.00
179 5.86 2979.69 30.00 4 30.00 65.00 231.66
110 78.60 76.55 30.00 4 30.00 127.34 65.00
105 76.98 76.98 30.00 4 30.00 80.00 80.00
107 78.55 77.93 30.00 4 30.00 74.97 65.00
108 78.21 78.03 30.00 4 30.00 73.16 65.00
109 96.24 90.48 30.00 4 30.00 154.81 65.00
411 2808.53 2925.93 30.00 4 30.00 65.00 255.00
193 3060.09 121.57 30.00 4 30.00 236.32 65.00
181 5.55 3033.72 30.00 4 30.00 65.00 231.67
191 2986.84 12.57 30.00 4 30.00 231.65 65.00
182 11.05 3041.48 30.00 4 30.00 65.00 231.66
190 16.17 3014.71 30.00 4 30.00 65.00 255.00
207 2886.90 12.41 30.00 4 30.00 231.63 65.00
177 2894.69 13.78 30.00 4 30.00 255.00 65.00
347 2868.19 3011.50 30.00 4 30.00 65.00 221.02
222 2897.31 64.83 30.00 4 30.00 235.43 65.00
105 67.14 65.60 30.00 4 30.00 127.11 65.00
102 67.22 66.40 30.00 4 30.00 80.99 65.00
103 66.47 66.83 30.00 4 30.00 65.00 70.54
102 65.90 66.86 30.00 4 30.00 65.00 78.76
104 65.78 68.38 30.00 4 30.00 65.00 116.37
106 65.34 53.29 30.00 4 30.00 196.29 65.00
103 65.00 53.43 30.00 4 30.00 255.00 65.00
104 76.43 54.10 30.00 4 30.00 255.00 65.00
103 58.90 55.93 30.00 4 30.00 182.12 65.00
101 54.14 56.57 30.00 4 30.00 65.00 91.74
105 44.43 89.43 30.00 4 30.00 65.00 255.00
190 38.76 3140.22 30.00 4 30.00 65.00 255.00
214 2917.14 146.10 30.00 4 30.00 231.61 65.00
196 64.47 3048.76 30.00 4 30.00 65.00 231.67
106 65.50 61.72 30.00 4 30.00 101.89 65.00
107 67.29 61.74 30.00 4 30.00 171.99 65.00
104 64.88 51.90 30.00 4 30.00 245.74 65.00
105 62.38 60.41 30.00 4 30.00 153.53 65.00
101 63.33 31.66 30.00 4 30.00 255.00 65.00
101 120.47 90.81 30.00 4 30.00 255.00 65.00
106 27.53 95.91 30.00 4 30.00 65.00 227.34
206 26.02 3066.43 30.00 4 30.00 65.00 255.00
198 25.83 3020.90 30.00 4 30.00 65.00 255.00
191 123.21 3032.28 30.00 4 30.00 65.00 255.00
242 39.83 2905.47 30.00 4 30.00 65.00 255.00
100 39.74 118.83 30.00 4 30.00 65.00 255.00
107 39.72 110.33 30.00 4 30.00 65.00 255.00
101 40.57 59.05 30.00 4 30.00 65.00 255.00
106 40.55 65.17 30.00 4 30.00 65.00 255.00
105 39.69 116.19 30.00 4 30.00 65.00 255.00
101 40.10 108.19 30.00 4 30.00 65.00 255.00
105 39.26 56.40 30.00 4 30.00 65.00 255.00
106 40.98 61.79 30.00 4 30.00 65.00 255.00
103 39.14 59.00 30.00 4 30.00 65.00 255.00
104 40.45 64.19 30.00 4 30.00 65.00 255.00